trans: [1.1733794778687612, -0.25500211560947583, 0.6239607143626047, ]
rot: [-0.722398503521385, -0.46174196764910563, 0.2972289863722578, 0.420225757280198, ]
rot_euler: [-2.06069126989, 0.0413756183014, 1.16229050011, ]
parent: /panda_link0
child: /kinect2_link
