trans: [1.172483966492357, -0.2553216698696782, 0.6244882655248685, ]
rot: [-0.7227442947914406, -0.46175039949993335, 0.29667628981907, 0.4200124188250465, ]
rot_euler: [-2.0618340197, 0.0409718495855, 1.16159861772, ]
parent: /panda_EE
child: /kinect2_link
